11
0 79 50 52 31 76 44 88 18 89 95
79 0 98 37 29 46 19 23 46 20 29
50 98 0 16 47 99 25 28 93 1 83
52 37 16 0 1 65 77 56 73 86 36
31 29 47 1 0 78 33 95 34 55 27
76 46 99 65 78 0 9 62 98 65 17
44 19 25 77 33 9 0 51 78 45 37
88 23 28 56 95 62 51 0 79 34 25
18 46 93 73 34 98 78 79 0 92 28
89 20 1 86 55 65 45 34 92 0 56
95 29 83 36 27 17 37 25 28 56 0
